[0101e8f0e8235924580bb04447743447d120666f40b398edaacd262b89d9450e91710000000000000000000000441ac9ff981700835581074a290330]
algo = One
round = 0
position = 224395264
offset = 8.484966779000388

[S1D9NSAF720159W]
algo = One
round = 0
position = 879211053056
offset = 12000.940728390002

